347

236	186	50
122	285	163
24	346	322
271	304	33
176	9	167
130	329	199
204	213	9
252	332	80
82	65	17
276	26	250
280	272	8
211	199	12
84	236	152
133	62	71
239	172	67
322	53	269
3	170	167
175	46	129
170	176	6
170	56	114
254	194	60
231	117	114
127	135	8
285	103	182
188	133	55
23	116	93
73	299	226
288	315	27
119	323	204
48	57	9
200	98	102
313	63	250
199	304	105
53	346	293
344	239	105
56	67	11
118	325	207
188	119	69
26	277	251
134	56	78
270	76	194
135	36	99
223	170	53
170	274	104
88	21	67
339	119	220
108	197	89
169	271	102
62	236	174
275	273	2
88	186	98
213	186	27
83	23	60
28	312	284
242	57	185
214	20	194
307	71	236
20	333	313
207	322	115
339	168	171
308	277	31
186	341	155
322	122	200
128	9	119
334	252	82
238	265	27
67	141	74
78	273	195
345	122	223
315	345	30
317	158	159
98	21	77
339	38	301
24	302	278
27	54	27
197	139	58
109	118	9
252	291	39
170	142	28
82	271	189
203	332	129
105	9	96
232	285	53
64	217	153
239	62	177
248	332	84
73	126	53
224	261	37
283	3	280
144	226	82
119	48	71
290	25	265
172	342	170
119	170	51
285	146	139
300	94	206
236	142	94
346	1	345
184	159	25
159	139	20
53	299	246
149	20	129
83	25	58
332	13	319
25	94	69
342	59	283
238	239	1
17	326	309
80	187	107
325	109	216
224	84	140
161	142	19
122	323	201
161	308	147
142	66	76
308	31	277
136	7	129
271	252	19
255	49	206
48	320	272
3	85	82
246	7	239
109	56	53
109	119	10
239	238	1
272	186	86
200	123	77
285	246	39
271	188	83
31	277	246
326	17	309
284	108	176
140	137	3
56	26	30
343	115	228
25	323	298
345	159	186
297	26	271
343	149	194
320	48	272
200	109	91
185	271	86
7	136	129
326	149	177
104	56	48
339	136	203
308	142	166
324	329	5
9	252	243
1	315	314
21	274	253
119	171	52
345	67	278
280	1	279
313	265	48
277	271	6
56	88	32
9	203	194
85	176	91
111	343	232
14	20	6
310	32	278
304	30	274
199	222	23
92	346	254
72	40	32
284	184	100
125	136	11
134	118	16
9	322	313
302	266	36
332	104	228
40	199	159
212	67	145
200	277	77
82	169	87
270	203	67
308	172	136
261	63	198
146	313	167
188	285	97
57	92	35
168	304	136
199	265	66
332	98	234
169	136	33
213	57	156
248	277	29
98	271	173
56	141	85
310	17	293
199	118	81
239	141	98
21	212	191
176	128	48
175	278	103
203	25	178
265	40	225
26	252	226
339	340	1
172	232	60
31	237	206
311	265	46
309	135	174
330	80	250
230	70	160
272	159	113
21	134	113
24	53	29
40	332	292
261	16	245
239	223	16
304	249	55
277	39	238
224	141	83
142	345	203
72	141	69
313	21	292
261	271	10
276	25	251
109	200	91
288	25	263
329	291	38
194	242	48
223	203	20
290	170	120
261	325	64
36	251	215
291	10	281
342	67	275
21	55	34
108	284	176
3	228	225
168	31	137
67	69	2
323	142	181
261	113	148
55	200	145
13	277	264
322	25	297
258	257	1
285	136	149
80	320	240
265	98	167
252	248	4
62	200	138
313	54	259
196	249	53
323	85	238
82	231	149
141	224	83
342	119	223
304	325	21
136	156	20
325	104	221
211	325	114
304	158	146
254	302	48
92	242	150
30	303	273
274	188	86
28	310	282
271	30	241
286	81	205
144	326	182
265	56	209
249	57	192
341	186	155
174	293	119
33	42	9
312	28	284
199	212	13
9	323	314
168	347	179
67	142	75
1	53	52
115	2	113
333	2	331
332	38	294
291	280	11
119	54	65
271	232	39
135	281	146
258	9	249
285	200	85
330	94	236
263	175	88
212	304	92
238	342	104
284	159	125
111	279	168
141	172	31
66	21	45
313	203	110
84	51	33
139	320	181
25	186	161
252	338	86
200	188	12
59	342	283
162	149	13
304	322	18
185	169	16
252	236	16
25	290	265
56	185	129
158	40	118
238	222	16
56	128	72
199	261	62
271	203	68
63	313	250
62	161	99
302	57	245
19	175	156
98	172	74
28	144	116
249	213	36
239	252	13
332	25	307
265	203	62
303	104	199
339	161	178
119	39	80
239	211	28
313	172	141
200	122	78
104	303	199
75	9	66
137	312	175
272	203	69
218	78	140
261	268	7
314	65	249
57	213	156
21	56	35
7	213	206
139	281	142
5	122	117
55	21	34
80	24	56
178	38	140
186	109	77
304	21	283
192	49	143
203	21	182
285	271	14
122	248	126
104	322	218
312	243	69
302	254	48
236	169	67
304	324	20
266	249	17
3	280	277
243	312	69
211	98	113
195	181	14
8	245	237
297	185	112
113	104	9
10	142	132
129	7	122
56	297	241
248	323	75
273	328	55
115	19	96
36	309	273
129	168	39
242	194	48
343	2	341
21	169	148
226	343	117
40	200	160
172	331	159
326	343	17
134	26	108
332	329	3
3	200	197
331	109	222
150	128	22
101	299	198
203	59	144
231	315	84
265	199	66
99	296	197
322	290	32
296	102	194
118	261	143
238	56	182
117	231	114
312	149	163
304	308	4
105	277	172
204	196	8
315	303	12
284	21	263
239	21	218
312	326	14
277	161	116
340	213	127
98	223	125
172	277	105
128	104	24
313	222	91
98	331	233
299	194	105
122	141	19
324	217	107
291	25	266
13	188	175
104	318	214
261	65	196
265	128	137
163	173	10
116	14	102
92	1	91
26	3	23
165	121	44
3	25	22
149	226	77
328	306	22
172	141	31
303	315	12
56	239	183
122	274	152
46	177	131
249	180	69
73	1	72
272	346	74
53	48	5
199	119	80
248	38	210
24	187	163
196	67	129
304	172	132
87	136	49
323	141	182
323	62	261
189	217	28
280	236	44
115	137	22
25	276	251
186	55	131
30	56	26
60	285	225
197	127	70
334	26	308
304	170	134
259	8	251
346	184	162
186	199	13
200	39	161
185	344	159
184	329	145
149	162	13
285	213	72
185	290	105
13	261	248
204	5	199
109	26	83
169	40	129
194	196	2
85	156	71
67	55	12
98	285	187
123	342	219
118	283	165
45	67	22
80	48	32
162	343	181
272	21	251
271	133	138
67	297	230
13	118	105
115	28	87
230	23	207
58	269	211
46	175	129
25	169	144
80	57	23
135	197	62
203	161	42
113	261	148
116	23	93
275	218	57
285	170	115
314	199	115
279	111	168
126	48	78
36	320	284
137	167	30
140	326	186
130	48	82
302	94	208
315	80	235
101	80	21
23	227	204
92	194	102
2	20	18
72	252	180
323	96	227
91	8	83
143	177	34
200	30	170
257	26	231
331	324	7
142	322	180
188	104	84
239	276	37
23	61	38
325	21	304
204	94	110
346	194	152
223	186	37
56	252	196
113	142	29
26	21	5
285	323	38
290	176	114
93	167	74
276	122	154
96	133	37
41	243	202
188	304	116
203	313	110
200	170	30
232	200	32
235	5	230
6	89	83
171	107	64
257	169	88
224	232	8
271	79	192
187	24	163
141	67	74
113	66	47
56	103	47
59	271	212
40	213	173
158	26	132
211	82	129
285	208	77
119	285	166
26	9	17
40	133	93
143	175	32
56	132	76
45	221	176
212	344	132
285	315	30
301	324	23
21	170	149
326	214	112
281	159	122
281	251	30
109	67	42
25	232	207
59	56	3
92	180	88
122	284	162
322	48	274
277	308	31
290	323	33
167	93	74
250	59	191
106	29	77
274	341	67
249	302	53
118	239	121
111	337	226
252	109	143
56	55	1
80	266	186
252	134	118
104	67	37
94	346	252
141	280	139
325	161	164
322	203	119
96	274	178
158	315	157
199	98	101
134	132	2
280	98	182
254	187	67
329	269	60
297	21	276
100	150	50
110	264	154
266	330	64
171	150	21
322	45	277
72	165	93
344	257	87
184	21	163
119	332	213
257	236	21
277	324	47
332	248	84
329	119	210
225	86	139
232	56	176
291	224	67
53	196	143
315	213	102
322	136	186
181	152	29
141	257	116
180	80	100
26	199	173
45	104	59
332	67	265
303	45	258
250	252	2
3	26	23
98	148	50
185	55	130
172	239	67
295	239	56
325	98	227
252	113	139
323	119	204
188	315	127
55	203	148
137	111	26
224	200	24
194	80	114
295	104	191
17	140	123
266	302	36
232	212	20
249	24	225
200	323	123
323	122	201
203	65	138
259	201	58
161	56	105
119	252	133
238	82	156
197	251	54
105	272	167
291	332	41
289	137	152
195	306	111
313	26	287
108	21	87
98	203	105
260	160	100
346	204	142
271	21	250
334	113	221
172	238	66
299	48	251
65	314	249
1	194	193
175	321	146
261	223	38
10	169	159
185	315	130
67	136	69
203	211	8
329	272	57
203	297	94
212	239	27
80	194	114
161	118	43
170	250	80
176	290	114
225	227	2
324	118	206
98	104	6
318	119	199
291	72	219
38	141	103
156	295	139
31	51	20
123	334	211
251	284	33
19	312	293
53	322	269
203	67	136
89	6	83
235	21	214
68	177	109
227	177	50
281	108	173
280	188	92
144	14	130
126	88	38
315	249	66
232	40	192
131	99	32
103	271	168
119	185	66
200	3	197
7	22	15
132	134	2
239	212	27
231	178	53
21	223	202
194	266	72
109	186	77
127	284	157
322	56	266
123	67	56
299	346	47
144	23	121
149	326	177
56	75	19
144	343	199
98	122	24
31	291	260
272	108	164
118	26	92
232	298	66
13	172	159
184	135	49
200	75	125
203	82	121
280	121	159
177	278	101
236	297	61
26	265	239
331	56	275
298	40	258
262	220	42
314	342	28
127	36	91
94	53	41
186	178	8
41	230	189
118	268	150
185	274	89
161	252	91
199	203	4
299	24	275
175	99	76
325	252	73
87	161	74
239	234	5
302	194	108
252	29	223
142	158	16
88	73	15
16	261	245
20	44	24
3	72	69
57	249	192
278	86	192
251	36	215
44	343	299
143	131	12
50	277	227
203	200	3
72	3	69
72	200	128
252	200	52
280	332	52
254	101	153
161	21	140
86	278	192
328	275	53
91	193	102
248	169	79
9	276	267
258	141	117
303	236	67
82	331	249
97	230	133
113	132	19
53	260	207
23	175	152
186	345	159
184	139	45
239	323	84
54	27	27
291	213	78
188	170	18
62	276	214
128	265	137
170	315	145
143	278	135
188	323	135
25	158	133
56	66	10
40	232	192
123	98	25
284	36	248
331	98	233
303	109	194
25	176	151
136	339	203
104	123	19
124	170	46
174	112	62
85	323	238
325	222	103
290	56	234
3	142	139
300	130	170
109	324	215
251	108	143
218	328	110
9	176	167
128	322	194
26	203	177
252	13	239
149	115	34
111	312	201
119	313	194
68	175	107
186	9	177
128	313	185
330	242	88
211	331	120
72	26	46
67	203	136
257	315	58
236	105	131
213	87	126
21	342	321
329	184	145
224	122	102
31	168	137
67	212	145
115	312	197
273	78	195
332	158	174
26	308	282
13	238	225
159	172	13
92	24	68
207	56	151
278	225	53
115	226	111
315	158	157
56	119	63
26	232	206
135	309	174
232	231	1
172	252	80
159	127	32
68	225	157
231	9	222
23	245	222
322	60	262
141	39	102
266	53	213
176	239	63
162	326	164
304	161	143
237	31	206
169	56	113
322	1	321
1	133	132
133	96	37
115	14	101
313	199	114
304	212	92
90	179	89
346	320	26
113	342	229
142	122	20
9	258	249
75	200	125
148	119	29
320	127	193
118	211	93
280	231	49
14	226	212
281	284	3
239	325	86
9	304	295
173	163	10
30	48	18
187	302	115
56	161	105
260	126	134
165	72	93
88	48	40
103	339	236
56	62	6
188	25	163
73	331	258
272	304	32
24	266	242
67	290	223
271	172	99
172	211	39
57	277	220
118	331	213
67	188	121
211	203	8
278	46	232
113	119	6
320	184	136
194	346	152
134	66	68
51	237	186
322	130	192
56	332	276
67	123	56
199	315	116
25	231	206
56	272	216
315	291	24
266	196	70
133	141	8
243	41	202
177	175	2
65	261	196
24	180	156
243	216	27
265	311	46
249	187	62
119	217	98
85	188	103
187	101	86
309	320	11
36	197	161
87	315	228
322	161	161
28	151	123
177	131	46
239	203	36
187	92	95
299	94	205
280	304	24
31	339	308
56	221	165
179	145	34
48	54	6
3	122	119
203	331	128
53	254	201
98	113	15
56	169	113
313	239	74
8	91	83
126	322	196
22	7	15
21	9	12
67	119	52
25	76	51
83	31	52
188	165	23
137	41	96
341	9	332
271	332	61
315	133	182
312	262	50
157	124	33
121	165	44
232	158	74
249	315	66
3	188	185
297	67	230
128	176	48
218	181	37
239	232	7
21	184	163
152	4	148
340	7	333
312	111	201
327	95	232
2	333	331
59	239	180
248	26	222
249	254	5
184	346	162
59	268	209
324	109	215
82	158	76
322	85	237
169	334	165
56	59	3
252	65	187
224	291	67
120	247	127
334	21	313
325	13	312
226	2	224
119	176	57
280	290	10
277	186	91
118	200	82
9	67	58
148	109	39
248	53	195
325	186	139
323	103	220
170	3	167
197	320	123
24	194	170
342	13	329
141	122	19
298	265	33
141	72	69
285	313	28
22	339	317
343	44	299
128	26	102
178	213	35
213	246	33
340	339	1
334	339	5
342	56	286
67	75	8
277	105	172
78	218	140
330	249	81
25	119	94
67	186	119
29	338	309
291	272	19
122	128	6
142	271	129
119	122	3
194	101	93
176	170	6
159	281	122
299	187	112
13	98	85
103	169	66
266	242	24
102	296	194
257	280	23
66	56	10
94	80	14
59	186	127
143	227	84
69	67	2
239	322	83
142	31	111
332	331	1
313	315	2
177	225	48
72	113	41
324	136	188
50	314	264
269	58	211
277	175	102
40	280	240
178	88	90
346	196	150
21	332	311
325	265	60
342	98	244
148	50	98
170	128	42
141	291	150
200	67	133
161	339	178
9	105	96
324	22	302
108	36	72
119	271	152
280	252	28
21	142	121
94	320	226
45	122	77
1	48	47
136	56	80
67	109	42
123	186	63
115	140	25
26	122	96
199	238	39
227	68	159
322	323	1
203	9	194
200	199	1
116	149	33
185	103	82
115	262	147
30	9	21
276	98	178
341	322	19
274	21	253
98	261	163
142	277	135
21	239	218
211	56	155
80	300	220
186	59	127
315	313	2
196	330	134
194	180	14
242	249	7
257	25	232
276	9	267
304	224	80
204	130	74
277	57	220
96	190	94
345	285	60
230	307	77
56	203	147
204	92	112
141	199	58
150	163	13
247	29	218
25	104	79
242	53	189
186	203	17
56	122	66
246	339	93
223	172	51
73	48	25
185	322	137
50	113	63
276	236	40
282	244	38
31	308	277
211	272	61
148	113	35
211	128	83
184	281	97
344	104	240
338	203	135
29	118	89
176	26	150
55	170	115
69	26	43
277	332	55
338	252	86
271	25	246
213	345	132
304	203	101
72	232	160
48	73	25
127	21	106
56	238	182
208	188	20
312	14	298
72	56	16
40	231	191
98	325	227
127	281	154
122	142	20
319	89	230
242	266	24
266	80	186
328	4	324
322	128	194
94	315	221
21	203	182
339	129	210
172	98	74
48	88	40
188	56	132
199	325	126
317	132	185
170	304	134
274	75	199
248	67	181
186	45	141
161	87	74
291	188	103
25	148	123
277	325	48
86	225	139
211	13	198
100	323	223
246	315	69
21	105	84
170	342	172
226	28	198
334	132	202
190	23	167
322	118	204
199	239	40
318	261	57
188	67	121
113	271	158
297	188	109
264	91	173
326	28	298
113	26	87
339	87	252
104	186	82
346	101	245
236	62	174
239	122	117
199	172	27
67	272	205
347	129	218
188	291	103
127	108	19
25	252	227
272	9	263
233	256	23
326	116	210
26	334	308
239	26	213
333	149	184
133	40	93
197	272	75
104	200	96
84	224	140
223	271	48
302	24	278
242	204	38
188	239	51
342	211	131
85	322	237
125	119	6
272	211	61
239	313	74
45	200	155
303	322	19
103	285	182
5	180	175
297	322	25
199	56	143
196	266	70
195	4	191
238	203	35
142	161	19
347	168	179
67	62	5
315	203	112
170	268	98
128	271	143
111	310	199
62	142	80
14	151	137
313	60	253
92	94	2
21	277	256
48	203	155
180	48	132
29	252	223
40	334	294
239	119	120
252	103	149
104	25	79
333	343	10
36	135	99
257	344	87
203	170	33
248	252	4
303	221	82
56	9	47
59	252	193
327	89	238
186	62	124
85	271	186
161	62	99
265	67	198
175	86	89
272	236	36
236	88	148
329	150	179
99	68	31
106	169	63
325	172	153
156	67	89
17	310	293
180	187	7
119	199	80
82	118	36
166	202	36
95	319	224
172	29	143
178	30	148
332	203	129
130	300	170
342	63	279
113	67	46
277	55	222
284	197	87
324	332	8
272	285	13
142	285	143
131	227	96
322	246	76
62	67	5
204	53	151
5	204	199
271	276	5
338	31	307
20	2	18
275	195	80
1	299	298
308	21	287
188	30	158
55	239	184
261	123	138
98	280	182
161	26	135
203	186	17
2	226	224
242	180	62
31	200	169
119	208	89
297	280	17
142	104	38
269	119	150
346	127	219
7	38	31
67	345	278
271	322	51
22	277	255
332	324	8
82	56	26
272	297	25
252	325	73
155	157	2
69	25	44
20	115	95
133	271	138
9	128	119
168	7	161
236	271	35
53	191	138
231	232	1
19	293	274
158	339	181
84	82	2
53	54	1
275	78	197
203	268	65
144	151	7
64	171	107
4	306	302
237	51	186
55	56	1
185	119	66
13	236	223
199	128	71
277	120	157
297	203	94
346	272	74
108	320	212
178	345	167
213	272	59
82	148	66
221	285	64
56	334	278
200	55	145
56	136	80
326	162	164
181	275	94
56	298	242
147	95	52
185	22	163
212	172	40
67	9	58
13	148	135
54	1	53
40	271	231
239	109	130
304	109	195
109	158	49
343	111	232
271	277	6
261	313	52
249	266	17
236	69	167
25	72	47
276	271	5
306	275	31
222	118	104
315	322	7
112	19	93
142	9	133
133	236	103
9	334	325
146	50	96
329	332	3
268	118	150
304	257	47
186	285	99
169	318	149
101	187	86
291	31	260
20	226	206
300	346	46
291	258	33
148	25	123
150	329	179
62	239	177
142	323	181
186	67	119
82	13	69
94	24	70
119	109	10
44	312	268
276	200	76
313	98	215
53	317	264
26	271	245
297	9	288
67	323	256
168	22	146
170	290	120
329	197	132
226	312	86
59	261	202
56	60	4
232	21	211
194	204	10
169	26	143
30	322	292
21	119	98
302	330	28
237	84	153
243	167	76
109	331	222
175	19	156
323	3	320
30	200	170
67	196	129
121	206	85
271	141	130
308	246	62
324	301	23
172	271	99
324	150	174
148	229	81
226	41	185
297	323	26
28	326	298
104	26	78
116	312	196
9	85	76
9	199	190
92	187	95
320	300	20
331	118	213
21	88	67
55	277	222
76	270	194
218	273	55
62	323	261
158	304	146
69	304	235
291	7	284
324	119	205
17	116	99
87	246	159
109	322	213
108	281	173
30	73	43
186	200	14
249	194	55
342	172	170
54	329	275
25	141	116
188	26	162
315	323	8
25	297	272
242	158	84
119	188	69
108	184	76
26	176	150
203	308	105
342	21	321
44	111	67
142	303	161
138	19	119
339	148	191
324	213	111
285	164	121
265	331	66
323	341	18
299	180	119
242	80	162
285	117	168
252	123	129
51	83	32
214	116	98
252	322	70
161	258	97
248	21	227
56	212	156
217	119	98
236	280	44
116	140	24
325	59	266
320	108	212
186	170	16
257	272	15
53	332	279
295	212	83
13	223	210
265	239	26
334	165	169
254	330	76
223	199	24
21	136	115
174	19	155
213	96	117
9	280	271
315	98	217
129	31	98
251	281	30
88	164	76
240	23	217
325	26	299
285	277	8
98	128	30
224	332	108
297	200	97
29	231	202
130	204	74
1	88	87
221	322	101
98	59	39
315	128	187
54	313	259
164	88	76
87	213	126
334	277	57
272	185	87
309	281	28
122	280	158
331	271	60
119	280	161
22	87	65
119	128	9
158	82	76
271	142	129
323	285	38
103	136	33
204	249	45
227	23	204
329	106	223
341	56	285
226	14	212
197	36	161
262	115	147
334	304	30
265	223	42
44	20	24
272	271	1
67	200	133
169	236	67
149	2	147
341	274	67
315	26	289
56	30	26
325	239	86
31	129	98
130	73	57
95	89	6
186	21	165
325	211	114
57	80	23
206	178	28
322	62	260
226	116	110
77	40	37
31	338	307
325	200	125
109	252	143
67	332	265
181	195	14
161	9	152
88	106	18
136	304	168
170	260	90
130	88	42
80	92	12
322	88	234
53	204	151
91	110	19
14	116	102
188	342	154
194	249	55
53	330	277
67	252	185
172	118	54
20	41	21
248	200	48
308	338	30
197	108	89
96	224	128
98	272	174
211	222	11
150	64	86
224	67	157
304	98	206
310	137	173
132	158	26
105	21	84
21	308	287
219	319	100
245	8	237
308	7	301
265	325	60
315	121	194
41	115	74
284	281	3
106	231	125
169	315	146
67	325	258
26	55	29
156	188	32
101	194	93
277	170	107
258	188	70
19	174	155
304	334	30
271	331	60
239	67	172
222	199	23
332	208	124
312	305	7
328	218	110
110	259	149
170	271	101
66	67	1
341	188	153
200	9	191
199	113	86
67	271	204
134	67	67
115	116	1
94	254	160
227	86	141
67	26	41
39	141	102
118	342	224
220	115	105
261	297	36
252	82	170
189	100	89
339	334	5
218	275	57
313	261	52
101	266	165
101	302	201
49	192	143
59	325	266
169	21	148
67	280	213
134	252	118
30	236	206
322	308	14
119	82	37
100	217	117
111	20	91
122	123	1
94	180	86
346	300	46
322	21	301
293	19	274
56	199	143
203	56	147
314	82	232
158	22	136
118	172	54
239	169	70
223	342	119
184	36	148
311	325	14
208	291	83
56	222	166
239	295	56
56	313	257
272	277	5
199	134	65
9	119	110
88	80	8
185	280	95
331	203	128
310	111	199
25	199	174
200	113	87
184	57	127
72	291	219
285	303	18
299	92	207
56	211	155
322	9	313
13	313	300
322	276	46
334	9	325
5	187	182
119	26	93
60	291	231
89	95	6
9	156	147
337	111	226
141	304	163
322	158	164
28	226	198
203	325	122
200	276	76
176	25	151
7	65	58
21	235	214
129	291	162
204	266	62
252	265	13
64	119	55
119	125	6
119	325	206
73	130	57
9	66	57
142	109	33
213	53	160
271	119	152
99	102	3
280	105	175
251	135	116
312	220	92
186	236	50
277	98	179
120	277	157
26	304	278
315	280	35
1	92	91
144	17	127
239	55	184
339	31	308
5	315	310
252	25	227
125	169	44
224	213	11
99	23	76
136	122	14
236	121	115
56	277	221
82	170	88
265	238	27
41	17	24
88	322	234
325	304	21
332	291	41
313	170	143
199	291	92
280	122	158
324	199	125
188	9	179
132	45	87
130	25	105
75	304	229
291	169	122
6	147	141
194	254	60
142	170	28
21	121	100
8	264	256
88	303	215
271	170	101
48	80	32
25	280	255
94	92	2
299	249	50
175	277	102
113	25	88
186	128	58
104	188	84
302	315	13
334	169	165
304	272	32
313	342	29
203	261	58
118	324	206
30	329	299
310	151	159
303	132	171
153	280	127
303	285	18
264	8	256
105	257	152
199	186	13
224	9	215
25	291	266
104	169	65
274	40	234
339	313	26
122	31	91
308	323	15
186	221	35
40	315	275
224	276	52
161	271	110
111	17	94
252	186	66
203	285	82
189	64	125
203	118	85
338	308	30
308	87	221
280	315	35
169	122	47
67	128	61
178	322	144
156	122	34
194	92	102
280	142	138
26	40	14
307	230	77
204	57	147
248	119	129
104	325	221
186	239	53
189	150	39
128	252	124
136	169	33
132	119	13
199	9	190
150	189	39
128	170	42
239	261	22
308	26	282
26	69	43
122	203	81
36	184	148
293	174	119
277	159	118
115	343	228
41	116	75
315	324	9
280	239	41
251	21	230
26	315	289
169	104	65
53	213	160
199	40	159
109	21	88
236	257	21
25	277	252
339	22	317
186	322	136
236	13	223
313	118	195
285	185	100
332	200	132
142	134	8
252	315	63
296	99	197
36	108	72
40	329	289
212	232	20
217	64	153
53	101	48
170	200	30
118	199	81
122	200	78
271	236	35
130	257	127
118	65	53
322	257	65
75	67	8
161	277	116
291	158	133
77	332	255
143	68	75
3	67	64
297	65	232
342	118	224
167	32	135
214	137	77
132	315	183
26	298	272
98	141	43
64	189	125
259	110	149
19	214	195
25	200	175
265	298	33
24	101	77
119	13	106
238	211	27
56	231	175
75	56	19
143	225	82
234	239	5
330	204	126
172	261	89
62	170	108
345	186	159
127	251	124
25	88	63
304	75	229
136	308	172
38	248	210
261	314	53
186	188	2
200	271	71
56	342	286
200	285	85
200	26	174
9	170	161
122	261	139
105	236	131
4	152	148
204	329	125
139	251	112
62	223	161
40	72	32
285	196	89
96	213	117
118	13	105
91	245	154
26	276	250
158	142	16
315	329	14
271	185	86
67	104	37
200	280	80
180	24	156
101	53	48
115	41	74
185	25	160
13	67	54
213	315	102
68	227	159
186	323	137
213	128	85
67	213	146
214	41	173
9	342	333
252	199	53
24	299	275
318	123	195
92	204	112
122	25	97
297	252	45
100	269	169
56	72	16
261	211	50
322	75	247
122	55	67
154	219	65
236	303	67
75	323	248
26	161	135
21	236	215
249	304	55
344	185	159
344	212	132
14	28	14
13	252	239
178	303	125
211	103	108
60	239	179
186	104	82
203	342	139
8	259	251
271	199	72
342	165	177
82	314	232
7	322	315
322	242	80
123	26	97
211	342	131
13	82	69
187	346	159
322	329	7
113	313	200
261	122	139
104	203	99
198	166	32
142	56	86
116	144	28
295	26	269
169	185	16
211	285	74
344	67	277
84	237	153
329	16	313
122	303	181
53	249	196
122	56	66
67	13	54
82	199	117
48	330	282
346	130	216
40	169	129
109	203	94
152	275	123
59	250	191
68	143	75
180	242	62
296	175	121
101	330	229
165	113	52
126	260	134
21	271	250
17	41	24
82	59	23
342	261	81
297	56	241
142	334	192
291	87	204
342	314	28
178	231	53
109	303	194
128	213	85
72	272	200
342	277	65
321	175	146
271	176	95
144	116	28
48	180	132
322	104	218
298	271	27
21	281	260
67	277	210
343	19	324
221	303	82
134	304	170
132	303	171
304	122	182
285	221	64
315	302	13
304	56	248
26	128	102
204	242	38
32	167	135
41	144	103
101	204	103
182	97	85
111	214	103
261	118	143
329	27	302
295	9	286
148	339	191
346	53	293
88	1	87
67	344	277
172	199	27
188	277	89
197	284	87
103	56	47
185	297	112
213	122	91
53	266	213
101	94	7
67	72	5
266	101	165
315	56	259
280	291	11
304	67	237
20	312	292
332	16	316
252	122	130
9	113	104
79	188	109
26	118	92
56	40	16
277	213	64
330	266	64
204	80	124
13	239	226
113	325	212
211	29	182
141	40	101
118	56	62
91	259	168
280	67	213
94	300	206
67	21	46
137	214	77
50	203	153
168	291	123
31	83	52
196	92	104
213	161	52
254	204	50
303	122	181
227	102	125
291	252	39
186	142	44
331	16	315
277	26	251
312	44	268
93	310	217
196	346	150
266	254	12
148	272	124
13	342	329
169	332	163
4	195	191
80	299	219
26	98	72
127	139	12
223	200	23
113	72	41
213	40	173
204	346	142
113	172	59
261	345	84
303	345	42
309	127	182
165	169	4
236	272	36
103	98	5
310	167	143
227	296	69
325	268	57
332	252	80
285	304	19
186	213	27
239	25	214
169	277	108
334	188	146
134	203	69
89	319	230
325	223	102
119	50	69
329	308	21
79	26	53
336	25	311
9	79	70
261	98	163
21	272	251
314	50	264
106	88	18
140	17	123
299	254	45
82	261	179
203	334	131
19	17	2
26	236	210
170	285	115
161	199	38
104	113	9
1	280	279
232	224	8
39	121	82
53	24	29
277	291	14
169	5	164
67	134	67
346	92	254
322	250	72
322	339	17
45	142	97
277	334	57
141	62	79
1	119	118
115	326	211
189	119	70
180	194	14
223	98	125
236	304	68
203	265	62
339	277	62
277	188	89
304	239	65
26	188	162
40	304	264
26	79	53
232	9	223
271	40	231
308	22	286
200	304	104
312	17	295
50	146	96
280	26	254
137	115	22
257	295	38
103	25	78
49	241	192
170	332	162
56	290	234
40	29	11
329	130	199
313	271	42
56	276	220
122	3	119
41	14	27
23	190	167
118	277	159
108	159	51
315	223	92
285	9	276
118	304	186
8	201	193
277	339	62
332	122	210
227	143	84
212	40	172
57	24	33
56	322	266
186	222	36
40	141	101
310	41	269
196	194	2
271	285	14
41	151	110
261	239	22
320	272	48
123	200	77
50	119	69
67	322	255
272	213	59
56	104	48
103	7	96
170	82	88
328	78	250
41	137	96
280	141	139
223	315	92
79	67	12
203	272	69
334	203	131
313	252	61
119	150	31
229	334	105
309	184	125
229	109	120
67	25	42
187	254	67
170	185	15
110	8	102
268	325	57
81	269	188
104	122	18
141	26	115
25	272	247
200	56	144
158	113	45
159	277	118
109	142	33
212	252	40
29	16	13
304	271	33
310	93	217
315	105	210
332	119	213
284	251	33
244	282	38
102	99	3
322	252	70
261	203	58
150	171	21
85	3	82
341	304	37
195	275	80
122	272	150
232	276	44
236	122	114
330	92	238
104	142	38
186	277	91
332	231	101
99	278	179
77	117	40
324	252	72
122	170	48
82	121	39
331	211	120
236	224	12
156	136	20
159	320	161
19	115	96
277	208	69
249	346	97
136	120	16
50	331	281
281	320	39
200	297	97
337	41	296
290	322	32
242	101	141
325	122	203
30	331	301
212	199	13
119	331	212
294	277	17
40	274	234
308	213	95
252	79	173
9	26	17
109	104	5
40	224	184
144	41	103
98	315	217
158	242	84
180	196	16
122	342	220
169	142	27
147	319	172
166	198	32
151	41	110
40	158	118
271	239	32
315	257	58
67	304	237
99	263	164
323	332	9
254	346	92
312	115	197
132	277	145
324	238	86
67	265	198
248	311	63
322	30	292
109	229	120
230	71	159
223	246	23
159	345	186
56	291	235
253	182	71
20	162	142
94	187	93
67	303	236
170	124	46
130	322	192
272	40	232
115	20	95
195	218	23
302	249	53
142	297	155
281	21	260
252	26	226
14	144	130
140	214	74
214	14	200
32	310	278
130	53	77
171	119	52
225	99	126
330	299	31
222	313	91
21	165	144
304	280	24
238	59	179
302	346	44
267	23	244
312	137	175
98	265	167
203	50	153
308	136	172
342	170	172
338	29	309
143	46	97
315	211	104
98	252	154
231	172	59
325	40	285
285	186	99
239	123	116
239	66	173
171	189	18
277	252	25
226	326	100
274	122	152
122	161	39
281	272	9
280	25	255
249	101	148
239	60	179
214	326	112
325	199	126
186	56	130
246	223	23
148	176	28
315	132	183
330	53	277
290	280	10
36	284	248
104	21	83
284	135	149
310	337	27
25	51	26
277	67	210
325	158	167
68	263	195
113	277	164
100	163	63
19	138	119
320	135	185
314	96	218
211	118	93
297	142	155
251	197	54
40	142	102
26	291	265
39	21	18
9	72	63
320	159	161
144	28	116
232	133	99
252	308	56
118	29	89
25	3	22
27	119	92
25	283	258
26	141	115
228	283	55
343	116	227
131	278	147
169	9	160
345	21	324
5	87	82
57	48	9
222	56	166
172	72	100
304	26	278
53	180	127
261	67	194
177	227	50
224	148	76
65	82	17
249	299	50
113	239	126
141	98	43
127	272	145
113	203	90
165	200	35
223	239	16
271	261	10
342	265	77
329	322	7
26	200	174
302	53	249
203	29	174
275	181	94
17	111	94
56	304	248
82	172	90
277	22	255
119	269	150
169	125	44
111	41	70
172	103	69
122	344	222
268	82	186
313	146	167
161	322	161
314	236	78
332	109	223
252	66	186
59	203	144
172	82	90
322	345	23
2	312	310
313	285	28
300	299	1
269	81	188
25	188	163
128	248	120
85	170	85
132	311	179
203	238	35
254	53	201
332	10	322
25	84	59
3	283	280
92	196	104
299	101	198
202	166	36
119	163	44
172	265	93
146	339	193
303	56	247
315	185	130
315	246	69
231	40	191
41	214	173
25	40	15
322	170	152
26	123	97
172	13	159
142	21	121
25	336	311
131	143	12
323	258	65
142	123	19
324	331	7
202	329	127
252	128	124
9	134	125
122	252	130
113	148	35
65	118	53
322	178	144
141	276	135
9	142	133
277	272	5
273	181	92
200	25	175
346	24	322
297	324	27
109	285	176
105	69	36
98	26	72
188	21	167
25	9	16
1	126	125
170	26	144
113	200	87
158	25	133
323	322	1
122	224	102
94	249	155
271	211	60
276	133	143
329	9	320
331	30	301
110	91	19
249	94	155
203	239	36
203	109	94
290	342	52
339	246	93
73	30	43
117	285	168
315	136	179
167	137	30
242	24	218
5	316	311
23	83	60
271	297	26
242	254	12
217	171	46
109	169	60
146	285	139
180	266	86
78	306	228
242	132	110
277	285	8
285	60	225
271	59	212
30	271	241
224	322	98
299	330	31
162	20	142
236	276	40
67	3	64
326	226	100
342	313	29
265	342	77
122	235	113
55	67	12
329	320	9
51	25	26
28	140	112
88	336	248
273	218	55
21	188	167
21	280	259
87	322	235
337	32	305
252	272	20
113	304	191
24	94	70
213	324	111
40	277	237
322	109	213
315	285	30
341	203	138
21	334	313
136	322	186
181	328	147
119	229	110
304	113	191
40	317	277
342	290	52
41	226	185
98	170	72
251	320	69
304	332	28
271	128	143
67	185	118
66	9	57
30	213	183
188	75	113
231	106	125
172	212	40
135	284	149
307	40	267
56	188	132
204	254	50
123	318	195
161	39	122
57	108	51
25	285	260
146	136	10
41	140	99
80	346	266
101	249	148
40	239	199
285	119	166
133	26	107
51	23	28
169	128	41
281	197	84
322	26	296
7	31	24
49	255	206
62	199	137
119	9	110
274	96	178
136	21	115
140	312	172
285	122	163
4	275	271
101	346	245
239	56	183
314	313	1
113	121	8
176	271	95
322	186	136
25	39	14
203	315	112
259	193	66
197	21	176
140	41	99
139	197	58
167	337	170
345	303	42
319	147	172
304	168	136
172	308	136
304	9	295
81	286	205
120	136	16
21	26	5
266	204	62
226	20	206
203	119	84
199	82	117
225	177	48
211	238	27
67	10	57
122	236	114
252	72	180
227	225	2
252	31	221
146	148	2
224	25	199
56	200	144
317	101	216
342	203	139
315	9	306
346	249	97
203	104	99
148	105	43
188	290	102
148	82	66
322	315	7
277	280	3
341	62	279
9	277	268
7	103	96
135	184	49
122	188	66
277	25	252
79	252	173
196	53	143
325	277	48
257	39	218
332	169	163
21	197	176
4	218	214
133	188	55
271	272	1
102	263	161
53	146	93
118	82	36
200	31	169
199	25	174
151	144	7
57	346	289
211	261	50
218	195	23
186	26	160
252	285	33
200	224	24
72	9	63
7	168	161
322	260	62
128	122	6
272	281	9
98	25	73
337	93	244
291	232	59
272	75	197
277	50	227
84	83	1
211	239	28
79	25	54
258	161	97
343	41	302
271	325	54
324	304	20
82	313	231
192	205	13
122	325	203
323	56	267
304	66	238
285	211	74
212	295	83
123	82	41
26	332	306
315	288	27
248	122	126
94	204	110
136	146	10
134	21	113
242	299	57
239	277	38
290	188	102
328	195	133
339	152	187
26	158	132
342	113	229
268	203	65
214	115	99
7	347	340
311	277	34
186	123	63
239	338	99
177	99	78
169	113	56
93	337	244
159	184	25
67	313	246
109	295	186
29	40	11
55	261	206
56	21	35
315	236	79
57	184	127
122	332	210
301	47	254
165	39	126
185	200	15
180	204	24
312	343	31
98	186	88
9	224	215
61	23	38
254	249	5
271	265	6
115	220	105
133	183	50
103	172	69
122	304	182
98	82	16
334	308	26
22	168	146
190	96	94
334	50	284
109	271	162
252	223	29
315	170	145
185	56	129
26	62	36
211	223	12
122	271	149
14	312	298
9	56	47
224	133	91
268	59	209
223	261	38
147	6	141
275	4	271
325	56	269
246	213	33
285	56	229
309	197	112
238	199	39
272	148	124
272	156	116
75	188	113
75	170	95
325	119	206
62	122	60
168	129	39
158	67	91
170	67	103
108	272	164
93	137	44
254	299	45
55	122	67
277	304	27
9	148	139
320	36	284
180	254	74
94	299	205
272	258	14
271	9	262
172	329	157
274	323	49
115	192	77
172	26	146
246	322	76
295	109	186
184	320	136
252	56	196
69	9	60
137	17	120
322	199	123
5	213	208
82	325	243
98	119	21
87	339	252
277	294	17
200	325	125
149	343	194
137	93	44
332	271	61
289	214	75
252	59	193
118	252	134
48	119	71
122	21	101
188	252	64
285	342	57
245	259	14
195	273	78
141	239	98
224	271	47
193	259	66
224	26	198
25	31	6
40	265	225
55	26	29
231	332	101
85	274	189
271	315	44
239	200	39
165	334	169
319	6	313
322	188	134
200	165	35
158	325	167
103	252	149
118	161	43
302	242	60
329	178	151
199	67	132
315	339	24
67	223	156
26	297	271
25	271	246
239	13	226
322	280	42
261	82	179
28	115	87
98	118	20
271	113	158
266	194	72
67	239	172
10	291	281
113	9	104
304	252	52
272	25	247
178	206	28
222	238	16
322	232	90
103	200	97
239	199	40
304	211	93
21	40	19
19	289	270
186	252	66
41	28	13
213	332	119
172	332	160
188	274	86
284	329	45
227	263	36
285	261	24
187	94	93
21	159	138
73	25	48
200	104	96
325	342	17
104	128	24
119	277	158
213	277	64
314	161	153
214	333	119
232	280	48
121	169	48
342	271	71
331	186	145
252	104	148
122	169	47
325	25	300
239	344	105
62	322	260
84	265	181
67	56	11
302	204	98
25	105	80
225	175	50
238	134	104
26	170	144
304	277	27
82	67	15
237	23	214
21	13	8
242	322	80
226	144	82
342	188	154
246	308	62
200	324	124
298	56	242
121	236	115
119	239	120
31	109	78
19	112	93
302	187	115
319	219	100
239	176	63
67	169	102
263	102	161
192	52	140
258	295	37
238	261	23
39	105	66
212	56	156
203	26	177
75	272	197
329	280	49
113	98	15
272	98	174
236	213	23
313	56	257
291	199	92
223	67	156
40	272	232
4	328	324
131	177	46
169	257	88
67	236	169
170	322	152
188	142	46
136	87	49
20	149	129
119	297	178
340	324	16
151	310	159
188	224	36
47	301	254
228	3	225
58	107	49
142	40	102
237	25	212
127	320	193
142	308	166
187	80	107
245	91	154
204	101	103
304	7	297
65	25	40
62	318	256
346	302	44
345	252	93
304	134	170
313	325	12
232	199	33
147	219	72
21	104	83
55	186	131
67	308	241
13	271	258
63	56	7
95	147	52
127	309	182
40	77	37
188	3	185
21	98	77
236	21	215
221	56	165
21	251	230
330	196	134
304	200	104
271	13	258
180	5	175
40	212	172
284	320	36
113	165	52
312	214	98
252	119	133
118	271	153
235	122	113
25	224	199
322	239	83
59	98	39
52	192	140
264	259	5
285	109	176
172	16	156
100	64	36
21	122	101
106	238	132
222	325	103
318	236	82
132	40	92
67	324	257
75	274	199
40	21	19
323	290	33
126	73	53
200	239	39
123	142	19
26	239	213
322	142	180
312	20	292
213	30	183
162	312	150
170	21	149
66	239	173
239	170	69
59	211	152
136	213	77
61	193	132
204	277	73
98	258	160
217	324	107
2	149	147
291	129	162
280	271	9
199	252	53
160	260	100
272	239	33
128	334	206
331	119	212
315	271	44
26	133	107
80	249	169
186	303	117
169	121	48
223	188	35
278	175	103
285	10	275
130	62	68
109	314	205
243	337	94
276	232	44
196	204	8
88	56	32
231	213	18
71	230	159
122	186	64
161	314	153
165	342	177
16	82	66
252	98	154
94	266	172
84	25	59
342	199	143
161	122	39
325	67	258
324	315	9
266	187	79
17	19	2
20	326	306
122	26	96
169	239	70
277	10	267
200	79	121
291	56	235
271	26	245
21	322	301
170	25	145
296	263	33
130	191	61
299	242	57
20	111	91
67	248	181
345	261	84
109	304	195
311	132	179
263	296	33
213	322	109
23	99	76
313	13	300
6	219	213
128	172	44
236	322	86
298	72	226
25	56	31
304	40	264
346	242	104
199	314	115
25	122	97
83	84	1
67	285	218
289	19	270
30	188	158
121	280	159
133	280	147
80	213	133
172	304	132
277	200	77
346	80	266
16	118	102
119	100	19
252	142	110
347	304	43
25	331	306
320	94	226
99	131	32
159	272	113
23	51	28
299	53	246
45	186	141
227	278	51
146	317	171
249	330	81
212	72	140
332	56	276
200	118	82
139	284	145
274	3	271
9	329	320
19	343	324
116	343	227
25	239	214
333	226	107
26	185	159
92	266	174
334	67	267
226	149	77
99	227	128
246	340	94
59	82	23
130	213	83
334	40	294
199	298	99
132	334	202
245	23	222
94	242	148
62	98	36
188	113	75
28	41	13
201	91	110
306	78	228
113	50	63
67	45	22
142	62	80
285	98	187
56	303	247
150	100	50
239	213	26
119	64	55
261	238	23
135	320	185
84	304	220
109	122	13
277	315	38
252	67	185
313	211	102
181	78	103
13	21	8
277	132	145
21	323	302
121	21	100
265	84	181
231	29	202
203	172	31
185	285	100
142	332	190
304	199	105
184	127	57
109	50	59
249	242	7
315	231	84
332	48	284
4	273	269
65	297	232
182	253	71
252	271	19
312	162	150
266	24	242
194	94	100
36	281	245
28	116	88
299	73	226
277	311	34
322	277	45
272	127	145
197	329	132
213	204	9
313	113	200
323	280	43
257	40	217
258	40	218
89	327	238
121	69	52
261	224	37
87	308	221
39	165	126
139	127	12
305	312	7
280	257	23
320	57	263
332	172	160
108	57	51
322	38	284
62	261	199
116	214	98
88	126	38
163	119	44
313	314	1
315	67	248
14	149	135
199	324	125
252	169	83
135	251	116
204	330	126
40	307	267
329	202	127
66	142	76
113	291	178
191	130	61
256	233	23
322	126	196
186	325	139
128	150	22
304	347	43
333	214	119
308	334	26
252	172	80
28	14	14
318	169	149
38	117	79
80	173	93
21	31	10
25	270	245
25	21	4
322	87	235
285	142	143
141	271	130
134	113	21
173	80	93
329	54	275
285	345	60
29	172	143
103	323	220
272	122	150
72	67	5
57	242	185
194	24	170
236	315	79
230	253	23
199	231	32
252	345	93
95	6	89
116	226	110
82	98	16
162	116	46
323	271	52
297	261	36
9	169	160
239	113	126
323	170	153
136	125	11
341	170	171
161	304	143
72	172	100
84	276	192
9	315	306
118	67	51
67	113	46
54	53	1
304	141	163
159	108	51
99	177	78
280	21	259
213	249	36
203	142	61
170	313	143
13	56	43
109	148	39
258	85	173
285	232	53
277	119	158
320	329	9
322	285	37
31	252	221
344	311	33
313	39	274
53	130	77
170	203	33
94	25	69
330	48	282
303	142	161
323	9	314
173	34	139
276	62	214
62	341	279
26	13	13
137	32	105
98	291	193
268	271	3
345	315	30
304	69	235
226	115	111
180	94	86
151	312	161
175	225	50
325	113	212
343	333	10
296	227	69
54	119	65
109	13	96
122	277	155
71	307	236
123	104	19
329	315	14
141	38	103
104	344	240
67	170	103
281	127	154
99	143	44
99	175	76
156	5	151
291	60	231
142	113	29
10	285	275
148	9	139
117	280	163
137	289	152
169	291	122
172	113	59
23	240	217
343	326	17
320	251	69
214	17	197
129	339	210
291	315	24
117	38	79
314	271	43
92	299	207
98	67	31
122	5	117
122	176	54
116	41	75
291	248	43
291	141	150
214	289	75
281	36	245
21	123	102
261	148	113
6	319	313
291	208	83
271	290	19
100	119	19
185	9	176
16	329	313
185	67	118
118	134	16
346	57	289
223	13	210
60	322	262
297	119	178
118	109	9
30	224	194
224	236	12
261	13	248
203	223	20
175	68	107
28	149	121
313	82	231
194	187	7
119	113	6
79	271	192
239	188	51
188	297	109
118	322	204
168	158	10
271	224	47
108	127	19
40	203	163
212	26	186
252	250	2
284	139	145
29	203	174
101	254	153
21	248	227
196	254	58
25	69	44
290	185	105
232	26	206
128	186	58
213	224	11
252	9	243
248	158	90
9	186	177
277	109	168
283	228	55
180	101	79
322	207	115
105	39	66
158	132	26
249	196	53
200	334	134
103	185	82
236	141	95
102	227	125
211	59	152
326	41	285
25	185	160
148	146	2
271	148	123
16	29	13
106	329	223
115	144	29
104	45	59
268	211	57
56	170	114
252	21	231
56	186	130
115	17	98
224	96	128
297	272	25
323	239	84
169	280	111
271	169	102
271	291	20
304	84	220
20	214	194
172	56	116
331	265	66
122	345	223
332	26	306
92	254	162
48	332	284
273	275	2
273	306	33
13	265	252
252	212	40
345	45	300
9	141	132
254	94	160
122	113	9
320	139	181
213	285	72
139	184	45
271	103	168
211	304	93
278	131	147
128	211	83
214	230	16
46	278	232
56	325	269
239	59	180
249	92	157
252	261	9
236	314	78
199	322	123
157	155	2
167	243	76
26	313	287
329	324	5
82	29	53
98	62	36
56	109	53
122	297	175
339	260	79
78	181	103
141	56	85
72	199	127
291	98	193
31	142	111
82	119	37
322	304	18
252	324	72
186	98	88
239	280	41
172	325	153
123	239	116
252	280	28
1	346	345
271	223	48
122	156	34
25	67	42
48	271	223
31	280	249
23	230	207
26	257	231
322	40	282
130	346	216
312	140	172
208	277	69
223	265	42
159	21	138
116	2	114
238	13	225
39	161	122
227	99	128
136	246	110
38	178	140
109	31	78
225	278	53
318	62	256
25	103	78
7	291	284
291	26	265
161	67	94
141	236	95
248	128	120
21	325	304
197	309	112
231	82	149
169	67	102
72	25	47
310	243	67
22	324	302
223	128	95
272	320	48
67	31	36
2	115	113
55	252	197
105	280	175
77	294	217
132	56	76
84	313	229
171	64	107
308	203	105
79	119	40
40	257	217
142	186	44
143	35	108
105	119	14
200	232	32
276	239	37
332	323	9
101	317	216
68	99	31
176	85	91
128	169	41
222	82	140
142	280	138
200	274	74
219	89	130
252	277	25
324	277	47
261	265	4
62	141	79
161	213	52
122	62	60
172	40	132
257	258	1
303	178	125
322	341	19
93	32	61
203	134	69
104	55	49
343	226	117
342	322	20
322	185	137
342	238	104
303	30	273
25	221	196
134	9	125
203	113	90
323	277	46
22	185	163
53	315	262
232	25	207
113	252	139
41	44	3
23	237	214
142	315	173
75	322	247
236	252	16
323	297	26
338	239	99
331	172	159
200	248	48
17	312	295
339	322	17
13	26	13
101	92	9
41	337	296
67	66	1
13	304	291
271	318	47
54	48	6
17	137	120
104	98	6
243	310	67
67	315	248
134	142	8
50	109	59
31	7	24
239	272	33
26	280	254
75	85	10
236	67	169
188	271	83
56	331	275
277	239	38
156	258	102
188	176	12
146	119	27
92	330	238
261	119	142
219	147	72
213	242	29
7	340	333
163	249	86
51	84	33
155	23	132
299	80	219
104	109	5
82	123	41
326	312	14
277	142	135
85	258	173
261	285	24
197	281	84
271	323	52
248	265	17
133	224	91
309	251	58
109	98	11
158	109	49
88	242	154
26	119	93
271	48	223
24	242	218
122	104	18
119	342	223
226	333	107
100	189	89
332	77	255
332	224	108
298	172	126
280	169	111
225	143	82
272	72	200
142	200	58
242	330	88
9	75	66
106	332	226
229	190	39
88	236	148
66	252	186
232	239	7
115	214	99
320	346	26
224	30	194
32	137	105
243	137	106
25	236	211
252	55	197
170	334	164
329	30	299
181	273	92
56	232	176
2	116	114
322	303	19
223	56	167
332	40	292
101	24	77
79	272	193
266	92	174
35	143	108
199	288	89
246	304	58
172	159	13
222	240	18
149	333	184
346	180	166
221	45	176
308	329	21
334	142	192
10	277	267
60	56	4
170	211	41
315	277	38
336	88	248
204	302	98
9	30	21
21	297	276
13	109	96
62	26	36
48	299	251
278	99	179
320	309	11
132	72	60
238	324	86
104	271	167
196	180	16
133	322	189
163	100	63
53	194	141
316	5	311
249	80	169
322	213	109
96	314	218
119	146	27
280	277	3
82	238	156
32	337	305
315	87	228
7	339	332
149	144	5
122	315	193
166	173	7
39	200	161
260	53	207
136	285	149
213	136	77
223	21	202
280	322	42
175	102	73
291	113	178
220	312	92
223	252	29
203	322	119
328	181	147
277	113	164
277	9	268
5	158	153
312	19	293
98	56	42
232	72	160
200	203	3
213	340	127
346	330	16
261	59	202
325	238	87
242	346	104
38	322	284
280	3	277
276	56	220
142	252	110
65	7	58
26	172	146
271	342	71
339	65	274
333	20	313
308	304	4
185	79	106
324	200	124
150	324	174
199	223	24
31	67	36
199	62	137
53	94	41
339	315	24
41	310	269
29	106	77
236	1	235
347	7	340
252	297	45
79	9	70
232	172	60
56	265	209
122	322	200
172	128	44
159	284	125
44	41	3
331	332	1
133	315	182
285	67	218
278	177	101
258	272	14
265	118	147
285	272	13
170	223	53
95	327	232
324	297	27
200	236	36
314	261	53
285	113	172
268	170	98
118	16	102
337	137	200
251	122	129
297	122	175
258	323	65
137	326	189
22	308	286
3	9	6
148	13	135
53	248	195
21	109	88
261	342	81
229	148	81
169	25	144
26	285	259
10	200	190
290	277	13
134	334	200
1	73	72
276	224	52
312	151	161
107	171	64
41	343	302
26	223	197
144	115	29
59	172	113
214	111	103
170	188	18
21	252	231
277	248	29
158	248	90
175	23	152
330	302	28
200	103	97
72	212	140
277	172	105
103	211	108
188	272	84
285	25	260
7	87	80
345	142	203
98	342	244
9	272	263
291	231	60
291	168	123
224	315	91
223	313	90
339	291	48
213	80	133
242	94	148
314	109	205
87	5	82
331	50	281
119	132	13
58	171	113
111	93	18
113	40	73
218	4	214
14	214	200
72	329	257
172	223	51
213	130	83
300	80	220
142	236	94
277	342	65
124	157	33
109	332	223
342	252	90
272	184	88
14	326	312
140	144	4
271	82	189
297	236	61
343	312	31
142	169	27
48	199	151
271	109	162
200	21	179
239	72	167
321	143	178
56	118	62
104	212	108
26	295	269
98	238	140
184	284	100
41	111	70
213	178	35
64	100	36
119	79	40
204	194	10
144	149	5
299	302	3
231	280	49
62	224	162
239	271	32
259	245	14
332	142	190
40	113	73
236	26	210
131	225	94
320	281	39
212	104	108
208	285	77
146	53	93
151	28	123
277	290	13
82	252	170
203	128	75
67	40	27
26	134	108
119	203	84
251	309	58
339	146	193
334	170	164
340	246	94
98	199	101
31	21	10
323	315	8
53	302	249
98	313	215
25	288	263
203	304	101
123	55	68
200	322	122
261	62	199
56	213	157
304	188	116
19	319	300
211	313	102
203	48	155
193	91	102
127	184	57
9	161	152
306	273	33
56	82	26
25	325	300
65	252	187
329	204	125
2	326	324
319	19	300
323	200	123
29	82	53
271	238	33
24	92	68
113	122	9
23	155	132
9	297	288
206	260	54
109	277	168
280	153	127
275	152	123
296	68	228
101	180	79
291	277	14
272	188	84
227	19	208
259	91	168
238	271	33
117	77	40
333	162	171
334	229	105
208	332	124
224	188	36
104	277	173
315	5	310
122	9	113
119	105	14
113	285	172
14	41	27
9	133	124
252	161	91
315	169	146
41	312	271
323	10	313
9	185	176
303	88	215
203	324	121
260	206	54
109	239	130
23	124	101
119	200	81
322	342	20
269	329	60
277	31	246
78	195	117
211	271	60
194	1	193
306	218	88
238	172	66
98	123	25
342	223	119
40	322	282
306	328	22
230	97	133
67	118	51
342	122	220
265	172	93
73	88	15
199	48	151
263	99	164
104	239	135
178	186	8
180	53	127
26	109	83
345	322	23
347	22	325
271	212	59
231	77	154
26	72	46
187	194	7
332	277	55
183	133	50
135	127	8
171	217	46
313	223	90
162	333	171
122	66	56
96	323	227
188	258	70
330	346	16
309	36	273
280	9	271
195	78	117
7	246	239
25	98	73
248	236	12
76	25	51
119	25	94
265	261	4
315	122	193
32	93	61
283	25	258
260	322	62
231	291	60
332	53	279
179	90	89
239	118	121
236	25	211
36	127	91
158	332	174
285	26	259
5	235	230
134	238	104
323	21	302
303	186	117
175	143	32
343	214	129
252	304	52
72	132	60
122	98	24
317	53	264
315	252	63
205	192	13
313	84	229
308	67	241
203	199	4
312	41	271
113	188	75
1	236	235
272	280	8
346	254	92
238	106	132
277	323	46
283	118	165
272	329	57
271	268	3
80	94	14
192	115	77
21	315	294
196	285	89
272	291	19
217	150	67
92	302	210
334	128	206
31	25	6
161	203	42
105	25	80
236	133	103
86	175	89
67	161	94
16	331	315
277	168	109
14	343	329
312	2	310
26	169	143
121	315	194
91	264	173
175	177	2
119	21	98
141	9	132
31	122	91
322	297	25
280	119	161
295	156	139
334	56	278
318	334	16
203	55	148
188	322	134
27	324	297
69	236	167
337	167	170
25	257	232
334	123	211
25	203	178
318	104	214
80	242	162
315	53	262
29	247	218
82	211	129
280	117	163
188	200	12
273	195	78
231	329	98
224	304	80
119	148	29
277	118	159
122	45	77
322	236	86
86	177	91
332	304	28
21	200	179
203	277	74
323	75	248
280	329	49
199	232	33
40	26	14
142	3	139
89	19	70
17	144	127
21	66	45
172	298	126
2	343	341
276	141	135
311	344	33
239	304	65
214	312	98
25	113	88
325	261	64
297	109	188
119	56	63
236	200	36
344	122	222
31	304	273
200	185	15
19	227	208
200	186	14
13	59	46
254	242	12
180	346	166
98	276	178
213	303	90
258	75	183
272	178	94
83	51	32
280	31	249
9	200	191
277	322	45
240	222	18
170	186	16
66	304	238
315	94	221
111	326	215
288	199	89
318	82	236
56	261	205
214	343	129
40	325	285
315	199	116
272	197	75
275	328	53
332	106	226
280	232	48
62	130	68
121	82	39
187	249	62
223	26	197
118	98	20
242	213	29
298	26	272
213	239	26
284	122	162
158	5	153
7	304	297
80	315	235
48	322	274
39	25	14
20	14	6
156	85	71
319	95	224
238	313	75
142	10	132
30	304	274
3	274	271
23	144	121
334	318	16
132	317	185
123	261	138
40	132	92
212	271	59
223	325	102
25	73	48
40	172	132
24	80	56
322	169	153
91	201	110
304	136	168
62	56	6
31	84	53
46	143	97
141	323	182
239	231	8
232	322	90
188	341	153
141	258	117
248	291	43
170	277	107
40	67	27
319	327	8
315	21	294
224	324	100
211	170	41
277	122	155
272	141	131
170	55	115
303	239	64
213	7	206
1	322	321
27	329	302
7	308	301
56	134	78
137	310	173
272	79	193
38	339	301
185	148	37
128	315	187
25	130	105
315	188	127
194	299	105
55	123	68
7	129	122
66	26	40
345	178	167
197	159	38
312	116	196
170	85	85
345	213	132
252	334	82
323	109	214
94	302	208
272	257	15
21	232	211
16	172	156
9	21	12
56	323	267
216	243	27
308	161	147
274	85	189
277	104	173
72	239	167
190	229	39
322	7	315
26	67	41
123	122	1
300	320	20
133	9	124
75	258	183
21	108	87
149	312	163
203	122	81
213	231	18
194	302	108
180	92	88
128	119	9
224	62	162
96	62	34
311	248	63
242	302	60
249	204	45
265	211	54
169	248	79
313	339	26
69	121	52
158	317	159
278	143	135
130	277	147
199	161	38
21	161	140
238	325	87
9	285	276
187	180	7
342	325	17
57	302	245
9	291	282
177	46	131
88	53	35
261	252	9
98	211	113
320	284	36
25	237	212
67	199	132
218	306	88
298	212	86
172	59	113
309	284	25
80	204	124
280	133	147
59	13	46
169	82	87
152	339	187
167	310	143
262	312	50
322	133	189
277	169	108
239	285	46
119	67	52
277	13	264
56	285	229
111	44	67
67	342	275
145	179	34
227	175	52
188	185	3
21	345	324
239	303	64
77	231	154
315	40	275
133	1	132
69	39	30
237	83	154
56	98	42
65	13	52
323	186	137
116	162	46
178	272	94
26	113	87
144	140	4
139	159	20
188	334	146
275	306	31
278	227	51
29	211	182
339	7	332
9	122	113
297	271	26
261	199	62
265	248	17
277	56	221
86	227	141
82	222	140
65	203	138
128	223	95
231	56	175
271	280	9
25	26	1
133	232	99
277	40	237
280	185	95
67	156	89
148	98	50
274	170	104
38	7	31
188	79	109
214	140	74
325	82	243
276	322	46
326	2	324
116	17	99
65	339	274
39	69	30
346	299	47
26	224	198
104	332	228
187	5	182
322	200	122
271	122	149
339	347	8
324	340	16
141	272	131
251	139	112
128	67	61
185	188	3
177	143	34
60	158	98
280	39	241
324	203	121
80	101	21
186	272	86
261	318	57
26	325	299
93	41	52
219	6	213
118	222	104
323	25	298
238	252	14
339	103	236
25	79	54
187	242	55
113	158	45
266	180	86
48	302	254
318	271	47
184	309	125
113	56	57
45	322	277
109	297	188
56	207	151
341	323	18
119	27	92
78	4	74
323	274	49
325	203	122
281	139	142
329	231	98
271	72	199
63	261	198
346	94	252
26	322	296
121	113	8
172	268	96
201	8	193
177	86	91
21	304	283
87	7	80
254	196	58
48	1	47
67	98	31
57	320	263
78	328	250
224	40	184
83	237	154
118	238	120
257	130	127
313	128	185
276	84	192
119	339	220
156	9	147
67	261	194
104	295	191
200	10	190
306	195	111
169	322	153
56	13	43
263	227	36
268	261	7
149	116	33
170	341	171
175	227	52
169	103	66
121	39	82
140	115	25
295	258	37
325	311	14
144	312	168
66	113	47
277	21	256
332	21	311
142	67	75
113	186	73
102	175	73
332	285	47
67	158	91
329	172	157
21	39	18
118	313	195
265	13	252
187	299	112
119	98	21
277	134	143
22	347	325
313	67	246
186	113	73
199	211	12
82	84	2
277	203	74
141	133	8
56	63	7
119	329	210
258	156	102
284	309	25
271	313	42
257	322	65
230	41	189
197	184	13
19	41	22
257	141	116
99	225	126
213	5	208
346	266	80
116	115	1
6	95	89
88	130	42
108	251	143
222	186	36
189	171	18
212	21	191
308	252	56
101	242	141
128	199	71
67	79	12
170	9	161
21	186	165
337	243	94
298	232	66
168	277	109
342	9	333
22	158	136
272	105	167
258	98	160
200	119	81
82	16	66
173	166	7
109	323	214
151	14	137
143	99	44
199	141	58
170	98	72
1	54	53
39	277	238
280	40	240
221	186	35
334	134	200
277	130	147
136	315	179
315	7	308
304	236	68
5	169	164
20	343	323
67	334	267
105	148	43
25	322	297
9	295	286
122	276	154
306	181	125
264	110	154
158	322	164
252	238	14
53	88	35
188	122	66
259	264	5
254	92	162
128	56	72
213	67	146
304	118	186
213	236	23
7	315	308
213	291	78
136	324	188
184	197	13
39	313	274
10	67	57
331	73	258
184	251	67
124	23	101
271	161	110
21	25	4
186	223	37
258	291	33
169	109	60
326	115	211
78	275	197
38	332	294
82	318	236
128	203	75
325	271	54
252	313	61
315	304	11
40	56	16
329	284	45
94	101	7
200	332	132
261	55	206
247	120	127
203	271	68
302	92	210
266	346	80
25	83	58
200	40	160
329	40	289
197	135	62
253	230	23
150	217	67
150	119	31
323	308	15
236	318	82
136	103	33
140	116	24
332	280	52
85	272	187
280	200	80
249	163	86
168	339	171
9	232	223
181	4	177
285	239	46
9	25	16
26	104	78
180	249	69
217	100	117
180	302	122
17	214	197
220	262	42
327	319	8
104	252	148
169	165	4
271	186	85
185	170	15
137	337	200
291	9	282
242	187	55
180	299	119
199	342	143
306	4	302
123	21	102
242	88	154
169	10	159
271	85	186
322	221	101
191	53	138
290	271	19
272	252	20
315	224	91
193	8	185
56	25	31
343	14	329
158	291	133
212	298	86
56	315	259
329	72	257
325	313	12
317	146	171
251	127	124
194	53	141
302	101	201
294	77	217
328	273	55
19	89	70
346	187	159
122	213	91
122	119	3
308	322	14
337	310	27
315	142	173
87	22	65
211	265	54
134	199	65
122	109	13
134	248	114
186	122	64
266	94	172
85	9	76
188	280	92
291	329	38
326	144	182
225	68	157
285	252	33
13	119	106
343	162	181
313	238	75
323	248	75
50	148	98
200	223	23
48	53	5
122	232	110
142	26	116
271	200	71
231	239	8
3	323	320
92	53	39
323	100	223
72	298	226
323	67	256
107	58	49
127	159	32
13	211	198
290	67	223
79	200	121
26	186	160
57	204	147
295	257	38
82	203	121
39	280	241
281	184	97
118	59	59
56	172	116
93	111	18
178	329	151
213	308	95
272	56	216
82	268	186
250	322	72
223	211	12
17	115	98
129	347	218
40	25	15
39	119	80
14	310	296
176	148	28
273	4	269
203	40	163
148	261	113
48	30	18
41	93	52
252	188	64
142	45	97
281	309	28
115	149	34
56	341	285
79	185	106
133	276	143
232	122	110
113	334	221
127	346	219
13	199	186
62	133	71
277	204	73
211	268	57
326	137	189
239	104	135
8	193	185
175	296	121
45	303	258
80	180	100
261	172	89
56	223	167
246	136	110
188	223	35
238	98	140
239	98	141
200	72	128
271	98	173
148	271	123
260	339	79
118	265	147
203	98	105
347	339	8
158	168	10
9	341	332
188	156	32
122	67	55
304	341	37
188	85	103
231	199	32
271	67	204
176	119	57
26	25	1
53	92	39
330	254	76
232	291	59
14	115	101
299	300	1
70	230	160
272	67	205
170	75	95
25	170	145
326	111	215
24	57	33
302	180	122
170	323	153
223	62	161
254	266	12
123	252	129
10	323	313
271	118	153
257	304	47
326	140	186
274	200	74
92	101	9
271	298	27
148	185	37
280	323	43
26	323	297
291	271	20
250	170	80
55	104	49
326	14	312
308	66	242
184	272	88
116	326	210
156	235	79
92	249	157
325	118	207
9	69	60
13	332	319
116	28	88
21	284	263
200	62	138
238	118	120
186	331	145
331	82	249
41	19	22
13	65	52
332	170	162
199	271	72
9	271	262
186	271	85
252	239	13
284	127	157
122	281	159
169	106	63
132	113	19
159	197	38
249	53	196
112	174	62
199	13	186
252	342	90
92	57	35
239	186	53
4	78	74
188	186	2
246	87	159
208	119	89
23	267	244
64	150	86
5	156	151
163	150	13
227	131	96
304	315	11
221	25	196
200	252	52
56	271	215
310	14	296
242	92	150
80	88	8
53	1	52
40	298	258
235	156	79
16	332	316
63	342	279
186	88	98
173	202	29
165	188	23
165	21	144
42	33	9
310	28	282
312	226	86
50	334	284
66	334	268
271	104	167
330	101	229
211	315	104
72	271	199
285	203	82
152	181	29
59	238	179
193	61	132
260	170	90
94	194	100
94	330	236
21	67	46
285	322	37
229	119	110
161	325	164
185	272	87
136	67	69
89	219	130
225	131	94
236	248	12
84	31	53
98	103	5
334	200	134
149	28	121
69	105	36
342	123	219
265	271	6
199	72	127
175	263	88
252	118	134
195	328	133
334	66	268
48	130	82
312	144	168
164	285	121
39	257	218
132	242	110
239	40	199
230	214	16
80	330	250
149	14	135
126	1	125
21	313	292
113	199	86
272	85	187
257	105	152
66	134	68
271	63	208
274	185	89
172	203	31
313	119	194
119	1	118
203	341	138
119	248	129
8	110	102
324	27	297
98	200	102
323	188	135
232	271	39
4	181	177
21	127	106
304	285	19
158	232	74
211	172	39
204	180	24
45	132	87
98	13	85
142	203	61
304	246	58
269	100	169
25	65	40
55	185	130
213	56	157
332	213	119
285	332	47
142	188	46
324	224	100
202	173	29
48	126	78
187	266	79
9	3	6
113	169	56
246	285	39
303	213	90
142	239	97
251	184	67
53	242	189
172	231	59
188	13	175
203	338	135
111	137	26
214	19	195
41	326	285
113	134	21
98	304	206
10	332	322
184	108	76
343	20	323
170	239	69
147	89	58
141	25	116
236	84	152
34	173	139
9	231	222
67	82	15
148	224	76
320	197	123
26	142	116
241	49	192
170	119	51
87	291	204
199	200	1
320	80	240
143	321	178
217	189	28
303	67	236
9	188	179
122	239	117
302	299	3
118	203	85
62	186	124
170	62	108
119	324	205
137	140	3
281	135	146
239	265	26
200	45	155
66	122	56
323	26	297
203	270	67
222	211	11
98	239	141
239	142	97
98	109	11
188	208	20
67	224	157
119	318	199
119	261	142
59	118	59
67	122	55
302	48	254
206	121	85
263	68	195
26	66	40
236	30	206
324	67	257
170	122	48
88	178	90
56	113	57
137	243	106
25	246	221
41	20	21
199	26	173
254	180	74
40	258	218
119	189	70
304	31	273
186	25	161
140	28	112
98	277	179
26	56	30
176	122	54
317	40	277
134	277	143
298	199	99
281	122	159
265	252	13
51	31	20
285	188	97
265	26	239
280	297	17
63	271	208
271	314	43
322	67	255
297	25	272
26	248	222
304	13	291
181	218	37
68	296	228
45	345	300
89	147	58
66	308	242
315	1	314
185	26	159
181	306	125
271	56	215
105	315	210
270	25	245
261	56	205
158	60	98
231	25	206
176	188	12
246	25	221
122	136	14
248	134	114
331	25	306
25	332	307
97	182	85
201	259	58
60	313	253
156	272	116
268	172	96
122	251	129
172	313	141
342	285	57
299	1	298
92	80	12
343	144	199
339	158	181
56	142	86
109	325	216
252	170	82
177	68	109
265	313	48
219	154	65
169	252	83
24	249	225
199	313	114
322	224	98
128	98	30
200	142	58
30	178	148
13	325	312
170	252	82
322	271	51
88	25	63
127	197	70
26	212	186
62	96	34
171	58	113
326	20	306
85	75	10
98	332	234
291	339	48
